list(
tempi = structure(.Data = c(0, 11300, 14680, 31270, NA, 0, 11300, 21970, NA, NA, 0, 12300, 16300, NA, NA, 0, 14810, 18700, 28000, NA, 0, 10000, 30450, 37310, NA, 0, 6860, 17200, 24710, NA, 0, 2040, 12580, 16620, NA, 0, 7540, 8840, 9770, 16300), .Dim = c(8,5)), 
lin = structure(.Data = c(0, 0.9, 1.3, 2.85, NA, 0, 1.5, 2, NA, NA, 0, 1, 1.35, NA, NA, 0, 1.9, 2.25, 2.75,  NA, 0, 1.2, 2.75, 3.05, NA, 0, 0.5, 1.45, 2.15, NA, 0, 0.4, 2, 2.35, NA, 0, 0.5, 1.1, 1.15, 2.1), .Dim = c(8,5)),
M = 8,
N = c(4, 3, 3, 4, 4, 4, 4, 5))